 -1484.970230 -1483.265560    1.000000 
 -1486.192421 -1484.209386    0.773628 
 -1484.931094 -1484.570119    1.000000 
 -1484.925454 -1485.116792    1.000000 
 -1484.928398 -1483.616461    1.000000 
 -1484.908520 -1483.423713    1.000000 
 -1484.886359 -1484.972181    1.000000 
 -1484.887621 -1486.016799    1.000000 
 -1484.903986 -1482.109280    1.000000 
 -1484.864061 -1484.440979    1.000000 
 -1484.858102 -1484.214064    1.000000 
 -1484.849157 -1479.258659    1.000000 
 -1484.772575 -1485.551543    1.000000 
 -1486.776077 -1487.045681    0.477979 
 -1486.781586 -1487.038632    0.482784 
 -1484.842551 -1487.048552    1.000000 
 -1486.774206 -1487.038632    0.553198 
 -1486.917315 -1487.028009    0.428195 
 -1486.938588 -1487.034248    0.417938 
 -1486.780327 -1486.012191    0.559316 
 -1486.171936 -1486.218662    0.754647 
 -1486.286342 -1484.206573    0.765609 
 -1484.971334 -1486.676606    1.000000 
 -1485.710239 -1486.349755    0.906036 
 -1486.879145 -1487.032784    0.454479 
 -1486.981446 -1487.038908    0.403487 
 -1486.379760 -1486.811017    0.666208 
 -1486.833998 -1487.037202    0.502547 
 -1486.913908 -1487.039857    0.456112 
 -1486.930673 -1487.030493    0.535210 
 -1486.067632 -1486.467716    0.771689 
 -1486.921908 -1487.037115    0.460491 
